Region,Date,Cases,Change,Deaths,Resolved,Source,CDUID,lat,long
Toronto,2020-01-25,1,,0,,,3520,43.712099,-79.369720
Toronto,2020-03-12,32,31,0,,,3520,43.712099,-79.369720
Toronto,2020-03-13,44,12,0,,,3520,43.712099,-79.369720
Toronto,2020-03-14,53,9,0,,,3520,43.712099,-79.369720
Toronto,2020-03-15,67,14,0,,,3520,43.712099,-79.369720
Toronto,2020-03-16,78,11,0,,,3520,43.712099,-79.369720
Toronto,2020-03-17,104,26,0,4,,3520,43.712099,-79.369720
Toronto,2020-03-19,106,2,0,4,,3520,43.712099,-79.369720
Toronto,2020-03-20,161,,,4,stopped updating in history,3520,43.712099,-79.369720
Toronto,2020-03-21,193,,,4,stopped updating in history,3520,43.712099,-79.369720
Toronto,2020-03-22,219,,,,resumed updating in history,3520,43.712099,-79.369720
Toronto,2020-03-23,239,,1,5,stopped updating in history,3520,43.712099,-79.369720
Toronto,2020-03-24,280,,,,,3520,43.712099,-79.369720
Toronto,2020-03-25,319,,,,https://www.tvo.org/article/covid-19-what-you-need-to-know-for-march-26,3520,43.712099,-79.369720
Toronto,2020-03-26,339,,,,https://www.tvo.org/article/covid-19-what-you-need-to-know-for-march-26,3520,43.712099,-79.369720
Toronto,2020-03-27,457,,,,,3520,43.712099,-79.369720
Toronto,2020-03-28,512,,,,https://www.toronto.com/news-story/9873970-how-many-cases-of-coronavirus-are-there-in-toronto-/,3520,43.712099,-79.369720
Peel,2020-03-13,11,,0,,,3521,43.776189,-79.738355
Peel,2020-03-14,12,1,0,,,3521,43.776189,-79.738355
Peel,2020-03-15,17,5,0,,,3521,43.776189,-79.738355
Peel,2020-03-16,21,4,0,,,3521,43.776189,-79.738355
Peel,2020-03-18,24,3,0,,,3521,43.776189,-79.738355
Peel,2020-03-19,26,2,0,,,3521,43.776189,-79.738355
Peel,2020-03-20,34,6,,,,3521,43.776189,-79.738355
Peel,2020-03-22,37,3,,,,3521,43.776189,-79.738355
Peel,2020-03-23,38,1,,,,3521,43.776189,-79.738355
Peel,2020-03-24,56,18,,,,3521,43.776189,-79.738355
Peel,2020-03-25,63,7,,,,3521,43.776189,-79.738355
Peel,2020-03-26,75,12,,,,3521,43.776189,-79.738355
Peel,2020-03-27,116,41,,,,3521,43.776189,-79.738355
Peel,2020-03-28,154,38,,,,3521,43.776189,-79.738355
York,2020-03-13,8,,0,,,3519,43.859283,-79.3166131
York,2020-03-15,11,3,0,,,3519,43.859283,-79.3166131
York,2020-03-16,16,5,0,,,3519,43.859283,-79.3166131
York,2020-03-17,22,6,0,,,3519,43.859283,-79.3166131
York,2020-03-18,24,2,0,,,3519,43.859283,-79.3166131
York,2020-03-19,27,3,0,,,3519,43.859283,-79.3166131
York,2020-03-20,35,8,,,,3519,43.859283,-79.3166131
York,2020-03-21,37,2,,,,3519,43.859283,-79.3166131
York,2020-03-22,53,16,1,,,3519,43.859283,-79.3166131
York,2020-03-23,70,,1,1,stopped updating in history,3519,43.859283,-79.3166131
York,2020-03-24,82,29,1,1,,3519,43.859283,-79.3166131
York,2020-03-25,97,15,1,1,,3519,43.859283,-79.3166131
York,2020-03-26,112,15,1,1,,3519,43.859283,-79.3166131
York,2020-03-27,163,51,1,1,,3519,43.859283,-79.3166131
Ottawa,2020-03-11,1,,0,,,3506,45.369603,-75.700291
Ottawa,2020-03-12,2,1,0,,,3506,45.369603,-75.700291
Ottawa,2020-03-13,3,1,0,,,3506,45.369603,-75.700291
Ottawa,2020-03-14,5,2,0,,,3506,45.369603,-75.700291
Ottawa,2020-03-15,10,5,0,,,3506,45.369603,-75.700291
Ottawa,2020-03-16,13,3,0,,,3506,45.369603,-75.700291
Ottawa,2020-03-18,14,1,0,,,3506,45.369603,-75.700291
Ottawa,2020-03-19,16,2,0,,,3506,45.369603,-75.700291
Ottawa,2020-03-20,19,3,0,,,3506,45.369603,-75.700291
Ottawa,2020-03-21,20,1,,,,3506,45.369603,-75.700291
Ottawa,2020-03-22,21,1,,,,3506,45.369603,-75.700291
Ottawa,2020-03-23,24,3,,,,3506,45.369603,-75.700291
Ottawa,2020-03-24,38,14,,,,3506,45.369603,-75.700291
Ottawa,2020-03-25,43,5,,,,3506,45.369603,-75.700291
Ottawa,2020-03-26,51,8,,,,3506,45.369603,-75.700291
Ottawa,2020-03-28,75,,,,stopped updating in history,3506,45.369603,-75.700291
Hamilton,2020-03-12,1,,0,,,3525,43.250021,-79.866091
Hamilton,2020-03-14,2,1,0,,,3525,43.250021,-79.866091
Hamilton,2020-03-15,5,3,0,,,3525,43.250021,-79.866091
Hamilton,2020-03-16,9,4,0,,,3525,43.250021,-79.866091
Hamilton,2020-03-17,14,5,0,,,3525,43.250021,-79.866091
Hamilton,2020-03-18,16,2,0,,,3525,43.250021,-79.866091
Hamilton,2020-03-19,18,2,0,,,3525,43.250021,-79.866091
Hamilton,2020-03-20,23,5,0,,,3525,43.250021,-79.866091
Hamilton,2020-03-22,27,4,0,,,3525,43.250021,-79.866091
Hamilton,2020-03-23,32,5,,,,3525,43.250021,-79.866091
Hamilton,2020-03-24,35,3,1,,,3525,43.250021,-79.866091
Hamilton,2020-03-27,51,16,1,,,3525,43.250021,-79.866091
Waterloo,2020-03-05,1,,0,,,3530,43.431900,-80.482368
Waterloo,2020-03-12,3,2,0,,,3530,43.431900,-80.482368
Waterloo,2020-03-13,4,1,0,,,3530,43.431900,-80.482368
Waterloo,2020-03-14,6,2,0,,,3530,43.431900,-80.482368
Waterloo,2020-03-15,8,2,0,,,3530,43.431900,-80.482368
Waterloo,2020-03-18,9,1,0,,,3530,43.431900,-80.482368
Waterloo,2020-03-19,12,3,0,,,3530,43.431900,-80.482368
Waterloo,2020-03-20,14,2,0,,,3530,43.431900,-80.482368
Waterloo,2020-03-21,15,1,,,,3530,43.431900,-80.482368
Waterloo,2020-03-22,32,17,,,,3530,43.431900,-80.482368
Waterloo,2020-03-25,58,26,,,,3530,43.431900,-80.482368
Waterloo,2020-03-27,69,11,,,,3530,43.431900,-80.482368
Durham,2020-02-29,2,,0,,,3518,44.018816,-78.936865
Durham,2020-03-14,5,3,0,,,3518,44.018816,-78.936865
Durham,2020-03-15,7,2,0,,,3518,44.018816,-78.936865
Durham,2020-03-16,8,1,0,,,3518,44.018816,-78.936865
Durham,2020-03-18,10,2,0,,,3518,44.018816,-78.936865
Durham,2020-03-19,18,8,0,,,3518,44.018816,-78.936865
Durham,2020-03-22,29,,,,,3518,44.018816,-78.936865
Durham,2020-03-23,31,2,,,,3518,44.018816,-78.936865
Durham,2020-03-24,37,6,2,,,3518,44.018816,-78.936865
Durham,2020-03-27,52,,3,,,3518,44.018816,-78.936865
Durham,2020-03-28,67,15,3,,,3518,44.018816,-78.936865
Halton,2020-03-11,1,,0,,,3524,43.501865,-79.874084
Halton,2020-03-12,2,1,0,,,3524,43.501865,-79.874084
Halton,2020-03-14,3,1,0,,,3524,43.501865,-79.874084
Halton,2020-03-16,4,1,0,,,3524,43.501865,-79.874084
Halton,2020-03-18,8,4,0,,,3524,43.501865,-79.874084
Halton,2020-03-19,11,3,0,,,3524,43.501865,-79.874084
Halton,2020-03-23,12,1,1,,,3524,43.501865,-79.874084
Halton,2020-03-24,15,3,1,,,3524,43.501865,-79.874084
Halton,2020-03-25,18,3,1,,,3524,43.501865,-79.874084
Halton,2020-03-28,19,1,1,,,3524,43.501865,-79.874084
Simcoe,2020-03-12,1,,0,,,3543,44.059513,-79.589918
Simcoe,2020-03-15,3,2,0,,,3543,44.059513,-79.589918
Simcoe,2020-03-18,4,1,0,,,3543,44.059513,-79.589918
Simcoe,2020-03-21,7,1,0,,,3543,44.059513,-79.589918
Simcoe,2020-03-23,10,,,,stopped reporting in history,3543,44.059513,-79.589918
Simcoe,2020-03-24,12,2,,,,3543,44.059513,-79.589918
Simcoe,2020-03-26,25,,,,,3543,44.059513,-79.589918
Simcoe,2020-03-27,32,7,,,,3543,44.059513,-79.589918
Niagara,2020-03-13,1,,0,,,3526,43.048661,-79.305015
Niagara,2020-03-15,2,1,0,,,3526,43.048661,-79.305015
Niagara,2020-03-16,3,1,0,,,3526,43.048661,-79.305015
Niagara,2020-03-18,4,1,0,,,3526,43.048661,-79.305015
Niagara,2020-03-25,9,,1,,https://globalnews.ca/news/6731126/coronavirus-st-catharines-death/,3526,43.048661,-79.305015
Niagara,2020-03-27,12,,1,2,,3526,43.048661,-79.305015
Grey-Bruce,2020-03-15,2,,0,,,35412,44.576535,-80.942432
Grey-Bruce,2020-03-18,3,1,0,,,35412,44.576535,-80.942432
Grey-Bruce,2020-03-24,4,1,,,,35412,44.576535,-80.942432
Kawartha Lakes,2020-03-14,1,,0,,,3516,44.339709,-78.748980
Kawartha Lakes,2020-03-15,2,1,0,,,3516,44.339709,-78.748980
Kawartha Lakes,2020-03-19,3,1,0,,,3516,44.339709,-78.748980
Kawartha Lakes,2020-03-20,6,3,,1,,3516,44.339709,-78.748980
Kawartha Lakes,2020-03-23,26,,1,,newspaper https://www.thepeterboroughexaminer.com/news-story/9913283-first-covid-19-death-reported-in-city-of-kawartha-lakes/,3516,44.339709,-78.748980
Kawartha Lakes,2020-03-27,27,,1,,,3516,44.339709,-78.748980
London-Middlesex,2020-01-31,1,,0,,,3539,42.981451,-81.289053
London-Middlesex,2020-03-14,2,1,0,1,,3539,42.981451,-81.289053
London-Middlesex,2020-03-17,4,2,0,1,,3539,42.981451,-81.289053
London-Middlesex,2020-03-18,5,1,0,1,,3539,42.981451,-81.289053
London-Middlesex,2020-03-20,11,6,0,1,,3539,42.981451,-81.289053
London-Middlesex,2020-03-25,13,2,,1,,3539,42.981451,-81.289053
London-Middlesex,2020-03-26,20,7,,1,,3539,42.981451,-81.289053
London-Middlesex,2020-03-28,22,2,,1,,3539,42.981451,-81.289053
Sudbury,2020-03-11,1,,0,,,3552,46.480031,-81.012956
Sudbury,2020-03-16,2,1,0,,,3552,46.480031,-81.012956
Sudbury,2020-03-23,4,,,,https://www.thesudburystar.com/news/local-news/sudburys-covid-19-count-now-at-four,3552,46.480031,-81.012956
Sudbury,2020-03-25,6,,,,https://www.phsd.ca/news/public-health-sudbury-districts-confirms-fifth-and-sixth-cases-of-covid-19,3552,46.480031,-81.012956
Northwestern Ontario,2020-03-15,1,,0,,https://www.cbc.ca/news/canada/thunder-bay/fort-frances-covid-19-1.5498408,,49.553874,-92.527525
Northwestern Ontario,2020-03-26,2,,,,,,49.553874,-92.527525
Northwestern Ontario,2020-03-28,3,1,,,,,49.553874,-92.527525
Perth County,2020-03-14,1,,0,,,3531,43.354637,-80.990666
Peterborough,2020-03-15,1,,0,,https://www.facebook.com/Ptbohealth/posts/3063404053709593,3515,44.306923,-78.337411
Peterborough,2020-03-20,4,3,0,,,3515,44.306923,-78.337411
Peterborough,2020-03-25,6,2,,,,3515,44.306923,-78.337411
Peterborough,2020-03-26,9,3,,,,3515,44.306923,-78.337411
Peterborough,2020-03-27,13,4,,,,3515,44.306923,-78.337411
"Stormont, Dundas, Glengarry",2020-03-14,1,,0,,,3501,44.964011,-75.153461
Kingston-Frontenac-Lennox-Addington,2020-03-17,3,,0,,,35101,44.227840,-76.527390
Kingston-Frontenac-Lennox-Addington,2020-03-24,7,4,,,,35101,44.227840,-76.527390
Kingston-Frontenac-Lennox-Addington,2020-03-25,12,5,,,,35101,44.227840,-76.527390
Kingston-Frontenac-Lennox-Addington,2020-03-26,14,2,,,,35101,44.227840,-76.527390
Kingston-Frontenac-Lennox-Addington,2020-03-27,16,2,,,,35101,44.227840,-76.527390
Kingston-Frontenac-Lennox-Addington,2020-03-28,17,1,,,,35101,44.227840,-76.527390
Muskoka,2020-03-17,5,,1,,,3544,44.971614,-79.441859
Muskoka,2020-03-21,7,,1,,stopped updating in history,3544,44.971614,-79.441859
Chatham-Kent,2020-03-18,2,,0,,,3536,42.163672,-82.475264
Chatham-Kent,2020-03-27,4,,,,https://lfpress.com/news/local-news/covid-19-new-cases-hospitalizations-in-lambton-chatham-kent-and-windsor-essex-bring-sw-ontario-tally-to-54,3536,42.163672,-82.475264
Algoma,2020-03-18,1,,0,,,3557,47.942046,-84.470780
"Brant, Brantford",2020-03-18,1,,0,,,3529,43.119435,-80.251532
"Brant, Brantford",2020-03-23,3,,,,https://globalnews.ca/news/6721658/coronavirus-brant-county-covid-19-cases-march-23/,3529,43.119435,-80.251532
"Brant, Brantford",2020-03-26,4,,,,https://www.brantfordexpositor.ca/news/local-news/health-unit-confirms-fourth-local-covid-19-case,3529,43.119435,-80.251532
"Brant, Brantford",2020-03-28,7,3,,,,3529,43.119435,-80.251532
Wellington-Dufferi-Guelph,2020-03-15,1,,0,,,35223,43.524909,-80.235906
Wellington-Dufferi-Guelph,2020-03-23,2,,,,stoped updating in history,35223,43.524909,-80.235906
Wellington-Dufferi-Guelph,2020-03-26,4,,,,?? need source for intermediate date,35223,43.524909,-80.235906
Wellington-Dufferi-Guelph,2020-03-27,7,,,,stoped updating in history,35223,43.524909,-80.235906
Prescott-Russell,2020-03-19,1,,0,,,3502,45.549782,-75.290688
Prescott-Russell,2020-03-22,2,1,0,,,3502,45.549782,-75.290688
Prescott-Russell,2020-03-23,3,,,,stopped updated in history,3502,45.549782,-75.290688
Hastings - Prince Edward,2020-03-19,1,,,,https://globalnews.ca/news/6736304/5-covid-19-hastings-prince-edward-public-health/,35123,44.186708,-77.393883
Hastings - Prince Edward,2020-03-20,3,,0,,https://globalnews.ca/news/6736304/5-covid-19-hastings-prince-edward-public-health/,35123,44.186708,-77.393883
Hastings - Prince Edward,2020-03-23,5,,,,https://globalnews.ca/news/6736304/5-covid-19-hastings-prince-edward-public-health/,35123,44.186708,-77.393883
Hastings - Prince Edward,2020-03-27,6,,,,,35123,44.186708,-77.393883
Windsor-Essex,2020-03-22,1,,,,,3537,42.293968,-82.991341
Windsor-Essex,2020-03-23,3,,,,https://windsorite.ca/2020/03/breaking-third-covid-19-case-confirmed-in-windsor-essex/,3537,42.293968,-82.991341
Windsor-Essex,2020-03-25,4,,,,https://windsorstar.com/news/local-news/fourth-case-of-covid-19-confirmed-in-windsor-essex/,3537,42.293968,-82.991341
Windsor-Essex,2020-03-26,8,,,,https://windsorstar.com/news/local-news/number-of-covid-19-cases-in-windsor-essex-rises-to-nine/,3537,42.293968,-82.991341
Windsor-Essex,2020-03-27,9,,,,stopped updating in history,3537,42.293968,-82.991341
Windsor-Essex,2020-03-28,15,,,,stopped updating in history,3537,42.293968,-82.991341
Northumberland,2020-03-13,1,,,,https://globalnews.ca/news/6703271/northumberland-county-covid-19-coronavirus-march-19/,3514,43.979180,-78.186388
Northumberland,2020-03-19,4,,,,https://globalnews.ca/news/6703271/northumberland-county-covid-19-coronavirus-march-19/,3514,43.979180,-78.186388
Northumberland,2020-03-27,6,,,,,3514,43.979180,-78.186388
Lambton,2020-03-24,1,,,,https://www.theobserver.ca/news/local-news/first-cases-of-covid-19-confirmed-in-sarnia-lambton,3538,42.863874,-82.130085
Lambton,2020-03-25,6,,,,https://www.bluewaterhealth.ca/news/bluewater-health-and-lambton-public-health-confirm-first-patients-of-covid-19-in-sarnia,3538,42.863874,-82.130085
Lambton,2020-03-27,7,,,,,3538,42.863874,-82.130085
Lambton,2020-03-28,8,,,,stopped updating in history,3538,42.863874,-82.130085
Porcupine,2020-03-20,1,,,,,3556,48.472565,-81.328579
Porcupine,2020-03-23,3,,,,https://www.cochranetimespost.ca/news/local-news/second-and-third-cases-of-covid-19-in-the-porcupine-health-unit-area,3556,48.472565,-81.328579
Porcupine,2020-03-24,4,,,,http://www.porcupinehu.on.ca/en/your-health/infectious-diseases/novel-coronavirus/,3556,48.472565,-81.328579
Porcupine,2020-03-25,6,,,,http://www.porcupinehu.on.ca/en/audiences/news-media/mediareleases/sixth-case-of-covid-in-the-phu-area/,3556,48.472565,-81.328579
Porcupine,2020-03-27,10,,,,https://www.timminspress.com/news/local-news/local-covid-19-cases-now-up-to-10,3556,48.472565,-81.328579
Elgin County,2020-03-22,1,,,,,3534,42.752383,-81.163098
Elgin County,2020-03-25,3,,,,,3534,42.752383,-81.163098
Elgin County,2020-03-27,4,,,,https://www.swpublichealth.ca/content/community-update-novel-coronavirus-covid-19,3534,42.752383,-81.163098
Oxford County,2020-03-25,1,,,,,3532,42.882597,-80.759946
Simcoe-Muskoka,2020-03-12,1,,,,https://www.simcoe.com/news-story/9907600-how-many-coronavirus-cases-are-there-in-simcoe-county-/,35434,44.911513,-79.368144
Simcoe-Muskoka,2020-03-15,3,,,,https://www.simcoe.com/news-story/9907600-how-many-coronavirus-cases-are-there-in-simcoe-county-/,35434,44.911513,-79.368144
Simcoe-Muskoka,2020-03-17,4,,,,https://www.simcoe.com/news-story/9907600-how-many-coronavirus-cases-are-there-in-simcoe-county-/,35434,44.911513,-79.368144
Simcoe-Muskoka,2020-03-21,5,,,,https://www.simcoe.com/news-story/9907600-how-many-coronavirus-cases-are-there-in-simcoe-county-/,35434,44.911513,-79.368144
Simcoe-Muskoka,2020-03-20,8,,,,https://www.simcoe.com/news-story/9907600-how-many-coronavirus-cases-are-there-in-simcoe-county-/,35434,44.911513,-79.368144
Simcoe-Muskoka,2020-03-21,9,,,,https://www.simcoe.com/news-story/9907600-how-many-coronavirus-cases-are-there-in-simcoe-county-/,35434,44.911513,-79.368144
Simcoe-Muskoka,2020-03-23,10,,,,https://www.simcoe.com/news-story/9907600-how-many-coronavirus-cases-are-there-in-simcoe-county-/,35434,44.911513,-79.368144
Simcoe-Muskoka,2020-03-24,12,,,,https://www.simcoe.com/news-story/9907600-how-many-coronavirus-cases-are-there-in-simcoe-county-/,35434,44.911513,-79.368144
Simcoe-Muskoka,2020-03-25,20,,,,https://www.simcoe.com/news-story/9907600-how-many-coronavirus-cases-are-there-in-simcoe-county-/,35434,44.911513,-79.368144
Simcoe-Muskoka,2020-03-26,25,,,,https://www.simcoe.com/news-story/9907600-how-many-coronavirus-cases-are-there-in-simcoe-county-/,35434,44.911513,-79.368144
North Bay - Parry Sound - Nippissing,2020-03-26,1,,,,https://northernontario.ctvnews.ca/first-covid-19-case-in-north-bay-parry-sound-linked-to-international-travel-1.4869385,3548,46.334329,-79.480333
Timiskaming,2020-03-25,1,,,,,3554,47.665389,-81.754794
Renfrew,2020-03-26,1,,,,https://globalnews.ca/news/6735002/renfrew-county-first-case-coronavirus-march-26/,3547,45.424179,-76.374006